name: hltv_data
channels:
  - defaults
dependencies:
  - attrs=25.4.0=py310haa95532_2
  - beautifulsoup4=4.13.5=py310haa95532_0
  - brotlicffi=1.1.0.0=py310h885b0b7_0
  - bs4=4.13.5=py39hd3eb1b0_0
  - bzip2=1.0.8=h2bbff1b_6
  - ca-certificates=2025.11.4=haa95532_0
  - certifi=2025.11.12=py310haa95532_0
  - cffi=2.0.0=py310h02ab6af_1
  - exceptiongroup=1.3.0=py310haa95532_0
  - expat=2.7.3=h9214b88_0
  - h11=0.16.0=py310haa95532_1
  - idna=3.11=py310haa95532_0
  - libffi=3.4.4=hd77b12b_1
  - libzlib=1.3.1=h02ab6af_0
  - openssl=3.0.18=h543e019_0
  - outcome=1.3.0=py310haa95532_0
  - pip=25.3=pyhc872135_0
  - pycparser=2.23=py310haa95532_0
  - pysocks=1.7.1=py310haa95532_1
  - python=3.10.19=h981015d_0
  - selenium=4.38.0=py310h114bc41_0
  - setuptools=80.9.0=py310haa95532_0
  - sniffio=1.3.0=py310haa95532_0
  - sortedcontainers=2.4.0=pyhd3eb1b0_0
  - soupsieve=2.5=py310haa95532_0
  - sqlite=3.51.0=hda9a48d_0
  - tk=8.6.15=hf199647_0
  - trio=0.32.0=py310haa95532_0
  - trio-websocket=0.12.2=py310haa95532_0
  - typing-extensions=4.15.0=py310haa95532_0
  - typing_extensions=4.15.0=py310haa95532_0
  - tzdata=2025b=h04d1e81_0
  - ucrt=10.0.22621.0=haa95532_0
  - urllib3=2.5.0=py310haa95532_0
  - vc=14.3=h2df5915_10
  - vc14_runtime=14.44.35208=h4927774_10
  - vs2015_runtime=14.44.35208=ha6b5a95_10
  - websocket-client=1.8.0=py310haa95532_0
  - wheel=0.45.1=py310haa95532_0
  - win_inet_pton=1.1.0=py310haa95532_1
  - wsproto=1.2.0=py310haa95532_0
  - xz=5.6.4=h4754444_1
  - yaml=0.2.5=he774522_0
  - zlib=1.3.1=h02ab6af_0
prefix: C:\Users\ALIENWARE\.conda\envs\hltv_data
